RL-HHA non-dominated solutions
--------------------------------------------------------------------------------------------------------------
rlhha_idx	cost	emission	freshness	cost_reduction_pct	
1	28665.7245500000	25469.0129206000	1166.0000000000		
2	29001.3173250000	25551.0682572700	1169.0000000000	
3	29601.9512000000	25367.1936253100	1160.4000000000		
4	29645.6798500000	25360.4292381600	1160.4000000000		
5	48929.2529500000	24749.1948099400	1053.0000000000	
6	48944.4829000000	24876.0188082400	1054.0000000000	
7	49779.7361478600	23089.2202551100	1046.6557125100	
8	49832.7749500000	24641.9181892700	1048.3333333300	
9	50239.9220564200	24333.0710123400	1049.3333333300	
10	50697.8724051600	23075.0736605700	1043.6602998300	
11	51126.4454472000	22911.9619637000	1044.5613555700	
12	52091.0723250000	24918.2157186200	1058.6666666700	
